[gd_scene load_steps=10 format=2]

[ext_resource path="res://main.gd" type="Script" id=1]
[ext_resource path="res://default_env.tres" type="Environment" id=2]
[ext_resource path="res://character_fps.tscn" type="PackedScene" id=3]
[ext_resource path="res://rifle.tscn" type="PackedScene" id=4]

[sub_resource type="PlaneMesh" id=1]
size = Vector2( 16, 16 )

[sub_resource type="BoxShape" id=2]
extents = Vector3( 8, 0.773729, 8 )

[sub_resource type="CubeMesh" id=3]

[sub_resource type="BoxShape" id=4]

[sub_resource type="GDScript" id=5]
script/source = "extends DirectionalLight

# Declare member variables here. Examples:
# var a = 2
# var b = \"text\"

# Called when the node enters the scene tree for the first time.
func _ready():
	pass # Replace with function body.

# Called every frame. 'delta' is the elapsed time since the previous frame.
#func _process(delta):
#	pass
"

[node name="World" type="Spatial"]
script = ExtResource( 1 )

[node name="Ground" type="StaticBody" parent="."]
editor/display_folded = true

[node name="MeshInstance" type="MeshInstance" parent="Ground"]
transform = Transform( 6, 0, 0, 0, 6, 0, 0, 0, 6, 0, 0, 0 )
mesh = SubResource( 1 )
material/0 = null

[node name="CollisionShape" type="CollisionShape" parent="Ground"]
transform = Transform( 6, 0, 0, 0, 1, 0, 0, 0, 6, 0, -0.75, 0 )
shape = SubResource( 2 )

[node name="SolidBox" type="StaticBody" parent="."]
editor/display_folded = true
transform = Transform( 1, 0, 0, 0, 1, 0, 0, 0, 1, -2.7, 2, -3.418 )

[node name="MeshInstance" type="MeshInstance" parent="SolidBox"]
transform = Transform( 1, 0, 0, 0, 1, 0, 0, 0, 1, 0, -1.00374, 0 )
mesh = SubResource( 3 )
material/0 = null

[node name="CollisionShape" type="CollisionShape" parent="SolidBox"]
shape = SubResource( 4 )

[node name="Camera" type="Camera" parent="."]
transform = Transform( 1, 0, 0, 0, 0.398594, 0.917127, 0, -0.917127, 0.398594, 0, 10.742, 6.45287 )
environment = ExtResource( 2 )

[node name="DirectionalLight" type="DirectionalLight" parent="."]
transform = Transform( 0.8038, -0.469282, 0.365623, -0.161562, 0.419297, 0.893357, -0.572541, -0.777152, 0.261213, 2.91704, 4.14371, 3.90616 )
light_color = Color( 1, 0.827451, 0.533333, 1 )
light_energy = 0.8
shadow_enabled = true
shadow_bias = 0.01
script = SubResource( 5 )

[node name="FPSCharacter" parent="." instance=ExtResource( 3 )]
transform = Transform( 1, 0, 0, 0, 1, 0, 0, 0, 1, 0, 1.29511, 5.11447 )

[node name="RifleObject" parent="." instance=ExtResource( 4 )]
transform = Transform( 0.933811, 0.357768, 1.06623e-08, -0.215869, 0.563439, 0.797456, 0.285304, -0.744673, 0.603377, 0, 8.33526, 0 )
